T=1:
3.181939	4.591843
8.598413	4.433407
13.989066	4.448891
19.341254	4.526587
24.783600	4.597965
30.183964	4.686231
35.537463	4.789224
40.955047	4.877367
46.336733	4.941350
51.770537	4.982954
57.145577	5.004463
62.583412	5.010840
67.900609	5.008417
72.378867	5.001689
78.708013	4.993282
84.094777	4.984611
88.471339	4.976393
94.960176	4.968950
100.423040	4.962384
105.764614	4.956684

T=3:
4.975254	4.993040
12.177840	5.048032
19.392614	5.067936
26.599130	5.070020
33.825617	5.063012
41.007202	5.051701
48.200080	5.038787
55.336523	5.025715
62.542830	5.013228
69.868454	5.001680
77.006114	4.991206
84.209943	4.981824
91.473296	4.973488
98.604944	4.966122
105.891255	4.959639
113.098149	4.953950
118.690243	4.948969
127.496423	4.944616
134.474327	4.940819
141.861958	4.937512

T=5:
6.795167	5.006412
15.814646	5.040553
24.819776	5.045188
33.801999	5.038472
42.824764	5.027182
51.815840	5.014549
60.850274	5.002083
69.865419	4.990466
78.850868	4.979959
86.738084	4.970620
96.846160	4.962403
105.900133	4.955224
114.823271	4.948981
123.882444	4.943574
132.994852	4.938906
141.979022	4.934889
150.794435	4.931441
159.961837	4.928491
168.818726	4.925973
178.045521	4.923831

T=7:
8.582204	5.026919
19.429972	5.044083
30.224390	5.040616
41.069972	5.029303
51.816171	5.015519
62.612904	5.001483
73.409848	4.988240
84.251963	4.976251
95.067471	4.965661
105.967983	4.956454
116.783085	4.948532
127.666939	4.941768
138.281043	4.936024
149.049449	4.931171
159.947891	4.927087
170.858971	4.923665
179.316487	4.920812
192.349440	4.918445
203.005601	4.916494
213.924362	4.914898

