T=1:
2.371938	4.591843
5.981836	4.433407
9.565360	4.448891
13.161869	4.526587
16.755587	4.597965
20.373594	4.686231
23.973754	4.789224
27.571147	4.877367
31.175588	4.941350
34.706356	4.982954
38.324853	5.004463
41.948064	5.010840
45.530528	5.008417
49.159734	5.001689
52.673670	4.993282
56.348347	4.984611
59.954373	4.976393
63.595921	4.968950
67.188703	4.962384
72.552464	4.956684

T=3:
4.687435	4.993040
10.558487	5.048032
16.526140	5.067129
22.323889	5.070020
28.167770	5.063012
34.080082	5.051701
39.899304	5.038787
45.929762	5.025715
51.932833	5.013228
57.906966	5.001680
63.894338	4.991206
69.771463	4.981824
75.920735	4.973488
81.810033	4.966122
87.864774	4.959639
93.866508	4.953950
99.846056	4.948969
105.936796	4.944616
111.605255	4.940819
117.810559	4.937512

T=5:
6.940945	5.006412
15.090779	5.040553
23.254522	5.045188
31.548781	5.038472
39.761570	5.027182
48.026675	5.014549
56.392738	5.002083
64.691922	4.990466
72.972234	4.979959
81.185170	4.970620
89.584477	4.962403
97.572340	4.955224
106.093172	4.948981
114.094346	4.943574
122.563605	4.938906
130.678959	4.934889
138.938816	4.931441
147.085398	4.928491
155.329788	4.925973
163.759728	4.923831

T=7:
9.228044	5.026919
19.672392	5.044083
30.071036	5.040616
40.712348	5.029303
51.312555	5.015519
61.815931	5.001483
72.461464	4.988240
83.245116	4.976251
93.474739	4.965661
104.243178	4.956454
114.573687	4.948532
125.462487	4.941768
135.795719	4.936024
146.503488	4.931171
157.068719	4.927087
167.525806	4.923665
177.919084	4.920812
188.356481	4.918445
199.191928	4.916494
209.705114	4.914898

