T=1:
7.430954	0.871318
20.086891	0.863080
32.850624	0.841200
45.421833	0.828257
58.038532	0.817921
70.758492	0.807367
83.490260	0.801009
96.327749	0.796997
108.733553	0.792359
121.626278	0.787666
134.108398	0.784846
146.846883	0.782742
159.335499	0.780879
172.189430	0.779360
184.757328	0.778180
197.366652	0.777268
210.609001	0.776476
223.142253	0.775749
235.469471	0.775086
248.292923	0.774490

T=3:
11.306868	0.826451
27.763279	0.800512
44.233288	0.788573
60.782630	0.782616
77.222883	0.779021
93.850272	0.776536
110.385358	0.774896
126.815387	0.773671
143.432644	0.772709
159.815903	0.771895
176.387981	0.771213
192.866990	0.770686
209.462346	0.770263
225.731283	0.769942
242.689729	0.769706
259.076645	0.769524
275.149197	0.769384
291.750033	0.769280
308.490975	0.769202
325.317496	0.769145

T=5:
15.097901	0.797833
35.440911	0.783295
55.755048	0.777553
76.069681	0.774518
96.461594	0.772758
116.780133	0.771469
137.133777	0.770609
157.572497	0.770043
177.771655	0.769677
198.006781	0.769425
218.578663	0.769249
238.974613	0.769121
259.082858	0.769028
279.786717	0.768957
299.751043	0.768903
320.198897	0.768860
340.302400	0.768825
360.977161	0.768797
381.186487	0.768774
401.698558	0.768755

T=7:
18.979233	0.787566
43.099981	0.777124
67.354052	0.773235
91.427396	0.771324
114.529817	0.770286
139.782395	0.769734
162.276729	0.769391
188.190927	0.769166
212.496457	0.769013
236.548957	0.768906
260.695054	0.768829
284.743904	0.768774
308.870414	0.768734
333.196470	0.768705
357.713507	0.768682
381.548020	0.768665
405.666200	0.768652
429.997980	0.768642
453.914973	0.768634
478.068705	0.768627

