T=1:
5.781929	0.871318
14.345306	0.863080
22.961018	0.841200
31.503864	0.828257
40.090917	0.817921
48.669936	0.807367
57.270926	0.801009
65.897408	0.796997
77.804799	0.792359
89.186394	0.787666
100.534789	0.784846
112.254453	0.782742
122.802942	0.780879
133.489850	0.779360
144.081003	0.778180
152.913004	0.777268
162.877921	0.776476
173.463476	0.775749
183.295297	0.775086
193.289350	0.774490

T=3:
11.078141	0.826451
25.255881	0.800512
41.228511	0.788573
57.226848	0.782616
73.426173	0.779021
89.454842	0.776536
105.595358	0.774896
121.797878	0.773671
138.633267	0.772709
154.167932	0.771895
170.620125	0.771213
186.464555	0.770686
202.113869	0.770263
218.735025	0.769942
235.067860	0.769706
250.199332	0.769524
270.824339	0.769384
280.227518	0.769280
300.520036	0.769202
317.738432	0.769145

T=5:
16.534879	0.797833
38.001593	0.783295
60.037413	0.777553
82.088657	0.774518
104.512576	0.772758
126.825114	0.771469
149.377998	0.770609
172.543692	0.770043
192.987862	0.769677
215.848034	0.769425
238.511707	0.769249
261.866429	0.769121
284.400598	0.769028
307.085176	0.768957
329.516832	0.768903
352.707561	0.768860
373.318453	0.768825
396.137420	0.768797
417.957955	0.768774
441.221494	0.768755

T=7:
22.422654	0.787566
50.204867	0.777124
79.007423	0.773235
107.224960	0.771324
135.341158	0.770286
164.222063	0.769734
192.645925	0.769391
221.965866	0.769166
251.644927	0.769013
282.394900	0.768906
312.382796	0.768829
343.405609	0.768774
372.513110	0.768734
395.566842	0.768705
426.311869	0.768682
454.188004	0.768665
481.972530	0.768652
510.847315	0.768642
540.533880	0.768634
568.263567	0.768627

