T=1:
5.480777	0.995288
12.748771	0.989235
20.023851	0.971802
27.384729	0.958593
34.596401	0.950480
41.945052	0.945857
49.222597	0.941806
56.464027	0.938225
63.699606	0.936001
71.152224	0.934033
78.537470	0.932534
85.793092	0.931549
93.078915	0.930671
100.295989	0.929899
107.669055	0.929187
114.925199	0.928424
122.234832	0.927670
129.310722	0.926948
136.784913	0.926347
144.176535	0.925898

T=3:
10.568735	0.956640
22.784939	0.943144
35.170120	0.936356
47.359462	0.932268
59.683368	0.929794
72.063439	0.928502
84.260944	0.927479
96.689123	0.926470
108.763930	0.925771
121.029440	0.925154
133.510564	0.924615
145.852496	0.924174
158.169003	0.923847
170.422880	0.923534
182.660082	0.923226
195.082201	0.922935
207.267339	0.922703
219.611209	0.922548
231.850693	0.922437
244.032600	0.922336

T=5:
15.496655	0.945162
32.796879	0.935219
50.082056	0.929425
67.419835	0.926443
84.707056	0.924511
102.199762	0.923335
119.344599	0.922628
135.616536	0.922150
154.098170	0.921783
171.194953	0.921449
188.648846	0.921265
205.898947	0.921204
223.181608	0.921209
240.561774	0.921243
257.723985	0.921289
275.161862	0.921335
292.399903	0.921378
309.753951	0.921417
327.052659	0.921452
344.378304	0.921484

T=7:
20.507002	0.939067
42.805034	0.929825
65.132102	0.926026
87.503167	0.924053
109.731451	0.922743
132.136347	0.921851
153.143404	0.921303
176.797957	0.921091
199.093412	0.921048
221.419542	0.921076
243.677395	0.921131
265.990986	0.921193
288.307719	0.921252
310.532999	0.921307
332.961611	0.921355
355.072727	0.921397
377.643306	0.921433
399.976548	0.921464
422.156118	0.921491
444.511800	0.921513

