T=1:
2.560945	0.995288
5.303182	0.989235
8.239080	0.971802
11.255502	0.958593
13.896361	0.950480
16.551803	0.945857
19.416136	0.941806
22.623659	0.938225
25.420427	0.936001
28.270808	0.934033
30.710623	0.932534
33.787877	0.931549
36.445570	0.930671
39.646804	0.929899
43.810345	0.929187
50.272730	0.928424
56.357329	0.927670
61.774660	0.926948
68.340922	0.926347
73.830180	0.925898

T=3:
4.440146	0.956640
9.279952	0.943144
13.915546	0.936356
18.670116	0.932268
23.351906	0.929794
28.312409	0.928502
33.225132	0.927479
39.468883	0.926470
48.315544	0.925771
58.097852	0.925154
68.907850	0.924615
76.861957	0.924174
88.183817	0.923847
98.522504	0.923534
106.713047	0.923226
112.965204	0.922935
121.793755	0.922702
130.875700	0.922547
138.959783	0.922433
150.103947	0.922330

T=5:
6.471536	0.945162
13.014813	0.935219
19.776737	0.929425
26.181300	0.926443
32.859265	0.924511
42.686955	0.923335
54.901438	0.922628
68.128196	0.922150
81.008121	0.921783
93.734350	0.921449
104.777105	0.921265
119.561224	0.921204
133.248817	0.921209
144.008945	0.921243
155.316600	0.921289
166.334329	0.921335
177.509922	0.921378
190.175561	0.921417
196.765999	0.921452
206.287662	0.921484

T=7:
8.669633	0.939067
16.747187	0.929825
25.398889	0.926026
33.958439	0.924053
44.208886	0.922743
60.876874	0.921851
75.750075	0.921303
91.410001	0.921091
106.819854	0.921048
123.148746	0.921076
138.490811	0.921131
152.944334	0.921193
168.419267	0.921252
181.433830	0.921307
196.529869	0.921355
213.055479	0.921397
229.635882	0.921433
243.604141	0.921464
255.511732	0.921491
272.051796	0.921513

